47
##start
start 1 1
##end
end 2 2
0 0 0
1 1 1
2 2 2
3 3 3
4 4 4
5 6 6
6 6 6
7 6 6
8 6 6
9 6 6
10 6 6
11 6 6
12 6 6
13 6 6
14 6 6
15 6 6
16 6 6
17 6 6
18 6 6
19 6 6
20 6 6
21 6 6
22 6 6
23 6 6
24 6 6
25 6 6
26 6 6
27 6 6
28 6 6
29 6 6
30 1 1
31 1 1
32 1 1
33 1 1
34 1 1
35 1 1
36 1 1
37 1 1
38 1 1
39 1 1
40 1 1
41 1 1
42 1 1
43 1 1
44 1 1
45 1 1
46 1 1
47 1 1
#yolo
start-0
0-1
1-end
start-2
2-3
3-4
4-5
5-6
6-7
7-8
8-9
9-10
10-11
11-12
12-13
13-14
14-15
15-16
16-17
17-18
18-19
19-20
20-21
21-22
22-23
23-24
24-25
25-26
26-27
27-28
28-29
29-30
30-31
31-32
32-33
33-34
34-35
35-36
36-37
37-38
38-39
39-40
40-41
41-42
42-43
43-44
44-45
45-46
46-47
47-end
